1289461289461284612856389562345789623456
23455897438954678923465123789612865789652375
234238945672389562385623957862385231234
23489562358923658923658923601273491204
235892365238562378956129041902489012859082345908234905823598235
468947689347634867348906834906834908349583490583495834534
534589734689734857345908290482394723590723905782390572390567235235
23589237582357239057823957894576982390578439065734905728905723957235
23523907502389572390572390582390859068596834534634897634896346346346
479374052671704457744
229799482374894079761594995929161081569536
99999980000001